A = 1.00990031574e+16
B = 1934.27031703
E0 = 1403.57995661
sigma = 75.4009948925
alpha = -3.99957945063
